5.49596555713942	-0.755476987695122	-1.81103985003224	0.346250794090296	0.853545469295520	-0.610050541856281	0.457822518270456
1.67214010724705	-0.426484763021653	-2.63990680172699	-0.323670333144261	2.77561320629772	0.655998666442862	1.21808691504759
6.68813574070868	-1.34501331252985	-0.776598192843714	0.511038297411242	0.601206639486321	-0.236508411240437	0.290023414591267
2.59300110716705	-1.55380033351572	0.872014235681170	0.269971630592009	1.18353411876270	1.80538866959661	-1.56887553205621
4.46047754072858	-1.89055691055309	-1.59008251518431	0.369753358203702	1.10292247252044	-0.702547192765726	1.20182702128308
0.804350498080527	-0.752613388915211	-0.267470220180781	0.0874208358305800	1.19205872452503	-0.415119077621776	-0.334662002029877
4.67389423176110	-0.970497372962441	-3.19132034025573	0.331275174528682	1.43251749253045	-0.543632096226123	1.56035575242848
-0.355691631578949	2.28857173458564	-0.394020486634961	-1.62306386003802	-3.93959755505857	0.377849533879107	-0.968540136206966
6.48791104751347	-0.293108373553975	-2.62333316500160	0.526239264090263	0.674624414274411	-0.494300462445633	1.12707438611314
0.694816678789947	-0.744180477729058	0.224406876646393	0.399666416281610	1.35782008935430	0.0528423751918486	-0.193291070668749
6.17373313168136	-0.449574277736863	-3.03164428708822	0.880048159569358	1.09965475440062	-0.632149036017113	1.19807572100856
7.49108910925715	1.07230236023160	0.348162623092030	2.45444292170271	0.512107098961594	-0.820441702392820	1.78092776912279
7.21542169655931	-0.376252955301621	-1.90608972916012	0.928956364878576	0.245585212153652	-0.488947477763675	0.728544304544955
7.55296954624215	0.444175446272437	0.440736240686088	2.11516828361017	1.86871963886530	0.838200937615092	-1.20386742015941
8.39533372475846	-0.385949045939390	0.933605583600314	0.0570081390955999	0.269553315009960	0.484129891821395	-0.819818630962280
2.07808820142621	0.324881367253286	-1.22799540059977	-0.226007888432364	1.73971429238489	0.718461542668321	0.716679123839385
7.69799930011267	-0.820074133744759	-0.0718256128647411	-0.258159581023990	0.178930050860821	0.148633489817375	-0.370250748361429
-2.05967720526315	-0.107139735740015	0.525312097998248	-0.557929898069659	-1.35049252757372	-0.157987385751336	1.97528046457702
5.39610163032415	-1.28151950744941	0.660797503232876	-0.129378379983619	0.0664204031341503	0.524966529280796	0.0428967522403753
1.52367429161184	0.934325865038588	4.36285560810883	1.38251278377770	-2.04839426075213	1.30417818566814	-0.418177677774027
7.60973034099105	-0.515780484967492	-1.57491742049184	0.814413350728022	0.410603612120801	-0.0898840914921642	0.242669182399844
-4.58891478421053	1.18450900178621	0.374735789136836	-1.44288783841250	-0.610813028770675	1.40737328969917	-0.508033764932544
6.90372875010736	-1.20629477101320	-0.602729116317540	-0.227390144924431	0.651205782641280	0.212139703459920	0.158555885012089
-2.18168302105263	2.19432137602875	2.46921452796697	1.47962220162372	-0.177549375042645	1.24461774510073	-0.802709876486015
7.40462207982384	-1.06968618140606	-1.20196160418416	0.453632924384812	0.191081287103471	0.112693796647568	0.620261327342202
6.73348290355684	1.86607243016861	-3.31389968013665	2.37795732778887	1.21495354916546	-0.308093384938955	1.25274380189972
5.70502736981221	-0.595340719991470	-2.13333789966748	1.28663061765752	1.26549974243873	-0.0854492708217215	1.88456094624555
-2.11492999802631	1.57400993288025	-1.43369339798181	-0.0428276100596814	0.988211617746936	-0.595555354695948	-2.71268732841226
8.34082029061615	-0.893009900535363	2.35563508485302	-2.07177387079455	0.0615477114201308	0.749276632579405	-1.10025667233171
0.176223499999993	2.26145423473790	-3.08770937044475	-1.30839610249966	-4.91361096761383	3.36865095657175	3.63701761414406
8.02092616057699	-0.177490767884895	-1.41665734955841	1.85526776766172	0.197801504128866	-0.339343275156377	0.577610435446997
6.76781721353473	2.12147145826261	1.71750454509557	2.42942961973834	1.80562172650953	2.91620924138010	2.02242560307884
6.22756137758610	-0.516491571318957	-1.94880028929399	0.693056611788975	0.686064716897485	-0.335214801505727	0.848535030228803
5.29501388329652	-0.118993905438510	-0.106321957169598	0.655613546273132	-0.390757019069857	-2.56285702929529	-0.738851547467122
7.44492480072178	0.303210709809205	-0.453445835166286	0.432187588556771	-1.07472884444528	-0.442493559545963	-0.382792905070809
7.00230290527573	1.11724066836794	1.04305055061020	0.688642168430846	-0.636626075720276	1.33024416652014	1.23391534937918
7.93234088532589	-0.552303410628765	-0.719078314203857	0.615660771676216	0.232122794590809	0.0245698597039620	0.00938214753442218
-0.305715121052636	0.520405661252255	1.41656040442434	-1.73531623282238	-1.79489874550882	2.05561323551435	1.14979859290737
7.36682159133168	-0.800665773351755	-0.0250332843211932	-0.296523467170985	0.217184668274401	-0.00927797247342366	-0.340033182888482
6.89122895603252	-0.684945536203136	1.25704726449709	0.589315102901426	1.59791620665363	0.742426427238254	0.430615550602595
6.53583468040615	-2.06520298562923	1.14497573543396	-2.45118954880852	0.611710116480556	0.399014149773505	-0.423256351891306
1.50714913563826	-1.96729871745952	1.09013296938699	4.11980296791447	1.82028269391457	0.424698841263349	0.699557568380427
5.47445400671252	-2.51705879557424	0.702142018494886	-1.83234515482041	0.778514263464001	1.02939944093975	0.190293648468768
5.63992574855184	1.41528735060391	1.19936450370653	2.60473737971935	1.93082810154333	-0.136170302835096	1.72191639199451
6.77909360380168	-0.512164035293975	-2.33840394257600	1.13320997970788	0.694046332357391	-0.524247692955883	0.913424742539591
-0.459566443421049	-1.15746718540956	-0.144356683191984	0.771555299780831	0.0508891110755541	-0.326862800306415	-0.891517506565513
7.57180592197668	-0.512874293387448	-1.38170574712034	0.996991063831423	0.350559298031611	-0.242279667395390	0.299518038642742
1.47874728642152	0.0714812841223721	0.211429531213679	2.24348390574266	2.05187526366896	-1.62489446287821	-2.18772594014652
7.56449865913410	-0.620791777391113	-0.892045037078317	0.505378186490854	0.224916394515031	-0.0804719940426289	0.0566004251204375
0.458571283902100	-0.685535357119865	-0.997188819852363	-0.946589656427269	1.33772476355773	-0.207120558730872	-0.470424057432416
6.55127890020473	0.183202913704689	1.46866516046019	2.27615658992012	0.653209664125202	-0.238517343218312	0.176441402178352
1.36894340526315	0.337481461504117	1.19637034760586	1.64457105816952	0.549744285804604	0.946497124848534	-1.28388931757895
4.55450939943237	-8.12414580886749	0.368750231085388	4.87279969390077	-1.35758972915992	1.09243036245440	-1.20252139698338
0.120402579027423	0.582877929663408	1.51411103588230	1.55948047728719	-1.85836197709632	-1.53937620008810	2.25176989823441
7.73846624501162	-0.539437775466685	-1.13392981022546	1.07184039373394	0.325467746463739	-0.140320622590033	-0.0114985775370597
-3.76527030798573	-2.09270158372879	-1.71360710409517	-0.321260435495815	0.897751061583415	-1.45798938905764	-0.583567771328986
8.13997418741873	-0.856083060175857	-0.302024067110268	1.37388647328782	0.776224821512697	0.535446724011064	0.594675476421373
-0.192970296710530	0.448766172127738	-2.38998167773860	-1.78990627812308	1.74918882143600	3.46127119835242	-0.955425275948962
8.05450831540004	-0.716907862337678	0.221568352871587	-0.236787645302059	0.0674166489527476	0.338420207406555	-0.522762145804764
-1.22584058416474	0.111091764590658	1.89786855597291	0.877945126405472	1.47065837684894	-1.39852490308267	-1.47458925740673
7.62083599346583	-1.18576846670671	0.500613501854479	-1.08517413909462	0.359512464642732	0.420539211836882	-0.628247911174701
1.03793780264210	0.283329296995882	0.308861410424041	1.78666611465636	0.859679421413558	0.650975235600067	2.21244647774181
6.96453313219968	-1.81689362192004	1.08897417377392	-2.02094830419677	0.614857476000900	0.447447632369406	-0.779070502659077
4.32077767313579	-3.58237454149076	1.41705654707384	2.92496306943914	2.09466629759098	0.509820794433726	-0.986172703558416
7.54773096149284	-0.973609375693184	-0.755068785589779	0.364760799383194	0.370478126668345	0.103965040414563	-1.14780411154283
7.46241342243431	-0.159111442497042	1.74507348847501	2.06857400609086	1.67279392906586	1.47151856704612	0.854392248502863
8.27567520101057	-0.940413296472387	-0.285374719087658	0.483428063729460	0.465858387251505	0.158615189421352	-0.574303437560289
5.19220192187499	3.08291888153474	2.43666609891341	2.09587881342367	-2.08685236212399	-0.0542752528256899	2.21974728072052
3.98769467263142	-7.04974209667318	-0.0662784044436113	3.96001452298363	-0.887441731082322	-0.261557910223376	-1.66857322519810
8.28042879210525	-0.626771462487236	1.30505383920717	-1.20677233760437	-1.30617965723872	-2.01108274107758	0.676039055484973
8.41897083863894	-0.881705584352017	1.30023858898650	-1.46389378857199	-0.200397827785877	0.654447891457885	-1.04303779193346
0.0174667302631483	2.54181147475019	1.06219804978177	4.27998555977343	1.21975604692730	0.940007869227774	0.0990844680966947
6.77207763486484	-1.86034498891178	1.44109509902353	-2.54990625190131	0.702909418494027	0.506944964912693	-0.649882555247597
2.16528513751147	-1.07217051301991	-0.279986671592993	-1.04460688357702	-0.0536296205480411	-0.719810868953985	-1.23108135103057
7.57972575971499	-1.25591920484518	1.10752232306167	-1.93605137160455	0.399216060823655	0.466862990123818	-0.829906577592568
4.44847665789473	1.38530105467538	1.23657538426779	1.68653532147136	-3.07130222614649	-1.72780638414345	1.20179189526448
7.49721887241147	-1.31348243965898	1.00635724765928	-1.63223424840000	0.423891543782124	0.501989628572991	-0.568877719816288
2.02470737894737	-1.34199511537569	3.23696986274756	-0.722460378670318	2.24684466626833	0.756308381711829	-0.407848591668372
7.59302051478462	-2.67147323931597	1.61615614525671	-4.20311596153866	0.295993566817602	0.226051051621815	-1.34142809996129
2.71671195789473	-1.70479734057591	1.46781393492724	-1.15635581351526	-1.89102084248169	2.06549900289965	-0.839400832717637
8.15797506883031	-0.592491332275175	-1.77316334664192	1.78196866669671	-0.802239392116506	0.0573396487419874	1.22724312279594
6.72782267368420	0.869227063543639	0.840815028120348	0.620527692206108	-2.17663283643316	2.91123504002848	0.897324649924343
5.93523873459521	-2.08903206458529	1.12922615840021	-2.60083976421089	0.724301021098111	0.358407238131265	-0.424028375937252
3.71375811317205	-2.72535138600568	-0.0512604100115951	-1.43295792195451	0.526240668696622	0.378816132667195	0.917302846031360
5.97624366871899	-0.756341725898746	0.0807614756991186	0.875865962135605	0.736045356526817	-0.464784139808334	-0.399592732856697
5.67800722156931	-1.53751152322688	-1.05121249554579	-1.29360884560519	0.768191155049758	1.01285755784397	-0.323198674154004
6.36482087215052	-0.714854189581675	-0.656134083845113	0.326590794849635	-0.00647683111492269	0.0567066007008260	-0.396751490241764
7.01945985950594	-1.90540375765171	0.295243632259322	0.633446394593927	0.927539823067705	1.68555103944200	0.334305348635343
4.53283805513215	-0.662960997441849	-0.0496857026163301	0.0941034104983457	0.640645368062805	-0.0195887624946289	-0.647370965103048
1.55084926967216	-3.05331565674067	0.156591532097438	-0.0413467114816555	0.735593794949361	-0.505845585717450	0.608238397819544
7.11097827614662	-1.04201650597360	0.332103652183341	-1.65754487771683	-0.131282656736905	0.808089899267435	-0.494933150848413
2.05247430619000	0.683451156028464	0.162925137813730	0.651795046696501	1.24704752575697	-2.15141579189279	-0.389020071952362
5.01634742776963	-1.47425345434607	0.00563761058105774	1.01587294452396	1.36367055422578	0.287301515298825	-0.567658880376349
1.94485193708453	0.153471927118847	0.428915733056043	0.371898572160601	-0.777250175023271	-1.01416414310282	0.200667348630701
4.35928752983305	-0.557410271182398	-0.292518642545718	0.333677272849305	0.249518368664713	-0.751559896583033	-0.996398900990634
1.82435665228616	-3.43138615692484	1.29378902153400	-2.48225831109107	1.16609445228206	-0.123889199348640	1.14691848708382
3.22929014660468	-5.12979073130322	0.903026304781113	-2.62613326846384	0.805361452787615	-0.768322739932867	1.02548961308264
2.95560007029616	-6.13749856966777	0.751677472786222	-2.01334369015320	0.449225672397740	-1.05697383393314	1.38216535388751
1.00022304978795	-0.347420103130387	-1.19754165518671	2.72115969549861	0.181496499816349	-3.41204158694867	-0.172912242161502
6.30508703957236	-0.958719779884422	0.0729989130879849	0.0578620485302961	0.599868676142358	0.224381375448772	-0.509887102200327
3.13681779924279	-1.29048320656095	-0.471247183843817	3.55871675116859	1.39037702502370	-2.37192040723317	-0.449461991291110
8.09466519966441	-0.413899508636459	-0.792790126068106	0.699747634237296	-0.0289822820542079	-0.170461339051949	-0.251724274598189
-1.27910044210527	1.54551995304011	0.469884058641291	0.748400793243364	-1.67886621876172	0.101005604590932	0.229378496542130
7.28471136770736	-0.0602382788717995	-1.09891145211425	0.803390202238706	-0.0268032791917957	-0.599907864347255	-0.291824967658323
1.91714538642647	0.625057153654534	0.0341588703813431	1.96933010513424	2.73938266827263	0.806722152841474	1.30281180050928
7.87435348535368	0.0609049100090149	-0.349629428194222	1.79502091634577	0.239175364684645	0.134231581447582	0.720365767304922
1.28648196341684	-0.0860883481484925	0.580114799400794	2.14658987169873	3.73582519684691	1.24096463512497	-0.0885520612593746
7.43231742405878	-0.263884139437556	-0.553634294980565	0.695648864977781	0.191142372060313	-0.328620173507904	-0.166551733361734
1.65404317132374	-1.02551155628214	0.656504210134250	3.59424888495447	3.02344484309269	0.206534667738810	-0.902185612549472
6.28466518634679	0.601277921525020	-2.84548405362652	1.98440151985819	1.56002979948938	-0.653239468652535	0.900787890012555
2.87427722532773	-0.459784938555316	-1.30721042307596	1.23630440829551	1.49327243661062	-0.0524257965248114	0.820372169261082
3.32893230090474	-5.29900217026661	0.866711291127010	-1.78665667442821	0.642305546561381	-0.772046621552527	1.00454195747731
2.74653764268421	-0.0180566776299317	0.733791809350411	1.40739118333656	2.66851621950788	0.516119015175461	0.201486079041711
3.43000438527890	-6.38259418645005	0.676994246350571	-1.40128616766411	0.376654999752105	-0.828448989231052	1.32943501632772
1.39469250619011	-2.29524498471325	-0.873752424271024	-0.680331698478575	-0.250075296592151	-1.19603498795202	-1.49061238025188
2.93781321562479	-0.879480997878903	-0.418552308206529	0.0484383119838832	0.832922395906906	-0.190280982180437	-0.197670832791358
5.88600267635826	-1.19788127898842	-0.807062510675464	0.386980097336789	1.34218153585235	1.08654016179856	1.35525213819377
6.79753964364152	-1.12793445287937	-0.0556737113314904	-0.371906760410359	0.105734381489277	0.206218571255703	-0.119536660650700
0.519016796568683	0.244404770603578	0.725396931728437	0.573064880195022	1.19719580250425	-1.41555268187590	-0.704483012671851
7.84415008009031	-0.436458127499614	-0.706849784534910	0.414616995346778	-0.509166374416309	-0.200753023040844	-0.00621901789468804
3.11504132960300	-0.153304412892282	-0.0582246985463216	0.181322269594472	0.750333357508705	-0.336902996129247	0.487202630308126
6.69307028874362	-0.635324739833647	-0.337445217703458	0.166224268903733	-1.09902323440936	-0.769263827675565	-1.47340667804811
1.81457963258637	-1.27317509309090	0.155358747796938	0.741876049199501	0.762491811243085	-0.417714816542987	0.471697838141284
4.07719386121768	-0.910638640258437	-0.298454514763744	0.634902536995888	0.947200376258423	-0.183510669686201	-0.0606277909128024
1.99333670267205	-1.83195090587913	-1.20863288668879	-0.857477877557249	-0.500657386450194	0.146000911172535	0.0636724694883570
6.74087911767389	-1.43816423160544	0.718594187625396	-1.63604983790582	0.868924784501840	0.151567820399183	-0.620629964197573
7.25650021594699	-1.15518208693057	-0.460886519458995	0.260500125119621	0.901237802371012	1.37185368220766	-1.35985059572299
8.11734678517599	-0.514882301145052	-0.454312765481045	0.463388240460965	-0.0115285261519140	-0.0501689271544759	-0.408885854299803
0.986835029067892	0.259623491648462	0.0693876322048032	1.18839029173866	0.844132914245829	-1.26895715519991	-1.70122197537162
8.23055339561967	-0.420429889393268	-0.263083819179547	0.544208317075213	-0.0405065458014360	0.0639010328578087	-0.355454678809856
4.74523749133841	0.270649727388525	-0.767565707517248	0.172027391546683	0.737030696859991	0.0914631031488850	0.0377164749906957
3.49500020136052	-1.27971907658466	-0.243812293426424	-0.290426772618850	0.819038929045644	-0.0652087695475342	0.0265673952057976
5.38766456208168	-0.949059232368524	-1.13537391126451	0.226424802052386	2.03610868282899	-0.280480260687616	-1.50570816524189
2.19750424361595	-3.41462589512000	0.594159820987951	-1.54801318966302	0.849646575905480	-0.853796042493572	0.357704746025299
3.89923066593368	0.208542817006979	-0.256154060727099	0.716012237873083	1.97056230537920	-1.42537936783803	-1.35122182821473
3.15628233849526	-6.29553422764578	0.649503671570975	-0.707662289493926	0.537329419122394	-0.810054593696685	1.40954496102436
-2.13483415234768	-1.89486507512349	-0.934928289185596	1.73322752840602	2.34870176743565	1.00414831281012	-0.974922558355546
4.26291729056621	-0.310200515919467	0.0522415571029908	0.0548664765575112	0.561352414601744	-0.0836279961090649	-0.0203988146633217
0.498172837419422	-0.699598877571035	-0.205966969360607	0.136116485406588	1.01639925852053	-0.725635123686510	-0.628840512971456
5.91186768606905	-0.878292881408440	-0.516705566556993	0.838426822519450	0.766749184259854	0.0377408988684328	0.611795941400731
-0.761195470121422	0.381478463265437	-0.213729536154514	-0.0829734795617277	1.92965992137786	-2.25633793469650	-2.28787123523071
7.99917884129689	-0.431808006051882	-0.213527460797448	0.548761993913280	0.0600700088789190	0.0272012224899039	-0.474290247022648
6.31767503265773	0.0826288592788070	-1.54393014257524	1.28819414231467	0.146945966890015	-0.408105835635305	-0.0105733705688652
1.61522306340268	-1.27657347199119	-0.488081911088425	-0.185558324206622	1.05103072272449	-0.130498230572882	0.140679756983500
5.27936926326826	-0.678104259391255	-0.953999129622746	0.533979572593135	0.684111411473152	0.00474814945239121	0.345730638542017
2.10159873660837	-2.28517474423433	-0.521473265195808	-0.393734685891835	0.644565958165248	-0.0257853334487373	-0.0429059700908818
0.693534378618421	-0.418847575248126	-0.248879794935728	0.467822928657222	2.11637782844068	-0.331056501128929	-0.215435479471446
8.26648259153231	-0.418633312037994	-0.140711715473779	0.391507398158605	-0.197734434060775	0.0788025775005352	-0.244277327577506
8.43787499002931	-1.36012513481122	1.76285578072741	1.44777411853856	1.25303634521126	1.98328683576936	-0.947737571905498
8.10744475757120	-0.484686510225488	-0.0798566141051723	0.387335098845213	-0.103685966276400	0.137359161928892	-0.464864719372947
1.23920991826826	-1.86794268787964	-0.129670633441738	-0.460046188663987	0.568582658910550	-0.325045269231354	0.349874377227394
5.95794420712063	-0.553471152054925	-0.177448421537291	-0.111546219286482	0.192290433310471	-0.0202515816402056	-0.534732488641763
1.17000844049026	-1.01502634175529	-0.286935509393829	-0.0602314135353826	0.694076108942843	-0.422825672495323	-0.155052468399853
3.52543844664710	-6.27223692592955	-0.0275433856053345	2.02893963212764	-0.382945055828834	0.617637978213311	-0.0479645429111134
0.963975138857316	-1.15858113624984	-0.343888572678822	-0.0895745873411103	0.784369792086551	-0.276708997665117	-0.0689063210155395
6.74658395577605	-0.522960221441072	-0.0560555231342079	0.508659334782338	0.259720236653731	-0.0314989120321094	-0.355969231140167
1.03691906539389	-0.966659754262573	-0.368745328733525	-0.0351887537666147	0.966644828347417	-0.337376938737458	-0.223701965123037
2.33500806480200	-4.07867338377486	-0.0885699023883843	0.914828704216080	0.330893537417013	0.296296761981752	0.144035175253488
1.90313782490052	-0.676703065026628	-0.270193105038873	0.183487382573795	0.958916290244416	-0.575021377537418	-0.252579037624294
2.64383389551921	-3.72302493211643	-2.47071105735537	-0.991224494081024	-0.0168986804112214	2.29103561528540	-1.35574069325933
1.11170074507195	-1.12066061001697	-0.348489644366778	0.00344407505536374	1.02311653834839	-0.211776170688209	-0.0342873221844212
7.07228888091847	-0.528402623653047	-0.275682421878852	0.539202932537816	0.453952228458176	0.202767696263427	-0.249620485204065
1.85983895789473	0.0374099668636362	-0.662573200611069	-2.43618503474068	1.80838349765362	2.45491863173518	-1.76517945470633
2.39244749549789	-4.32138749349941	-2.31249613076684	-0.472172720779305	-0.212703554729201	2.46876387143001	-1.64907661463286
5.53495996749999	-0.429172672968214	1.09924973445416	-2.31517957257545	0.736759289659716	-0.286121545740245	-2.17227151830187
2.92178023058531	-4.73145517462269	-2.45656170569142	-0.178978519363729	-0.403841323019628	2.98356506666665	-2.11841402040224
-1.31432133750000	-0.396110080985323	0.379414377526757	0.409503487470759	0.637845925554842	-3.51471623621296	-1.79168589880432
1.36311840790374	-3.50369085283322	-2.29560387776713	-0.849362664785365	0.741170892050980	2.78924963861424	-2.69505094230590
-1.19793915263158	1.63169300924894	0.793109688885815	0.649091907556401	-0.830656876943429	0.916890735223826	0.282584858064207
7.23471543944673	-1.23931460711851	-0.0564676390861734	-0.835857575485651	-0.204292711577560	0.0523515910848948	-0.911093460746349
-1.81877848421053	2.23367284513579	-2.06869111573542	-0.402704447189383	-0.0131509387232509	2.49254760761466	2.44589648093434
7.41643769791136	-0.588838926847876	-0.386738356124636	0.588812035784045	0.393420351344635	0.294857052711207	-0.0933433617793825
-2.05432718026316	1.98426429513771	0.232652805991855	-0.167285425431808	-3.07168234748800	-1.54468100947382	-1.14552509677418
8.32219448724025	-0.504387566257412	-1.26700009068625	-0.476979646783141	-0.269729890121016	-0.0512646121312394	-0.353260404348154
2.62416176977521	-2.36883012886175	0.0124960290641667	0.828537419253140	0.309032196422649	-0.409755042253628	0.792267601915472
8.67638759059451	-1.01933580904507	0.595870787414167	0.583308500756858	0.474428427588443	0.697898462419493	-0.855410308036321
0.379817277657584	0.866629991417167	0.0146161386432426	0.324006434211603	-0.180705005692681	-2.28634961306773	-2.11335977231033
7.14931096250041	-0.820621719069536	-0.321522785197943	0.0124499821523248	0.275223379006368	-0.0588386963262293	-0.692464699444322
1.21710612315063	-0.826051058173171	-0.107343174635517	0.364398024502266	1.04530778301497	-0.0827183068772693	-0.0247896124287966
6.21297613962657	-0.638986265609335	-2.83102361791861	1.07417904433621	1.11913542697633	-0.387093108344808	1.46537274943343
2.32149106759921	0.000895713832904009	1.44576548985832	3.09278936493672	-0.407093022561929	-2.23412169439150	-2.18290452523158
5.31452634151468	-1.15726282591489	-2.24668661948558	0.0373938952760071	1.36410381974889	-0.0546210709115206	0.947378850096750
-1.48498890526316	3.13117624524090	-0.977146243015901	-2.85903481046321	-0.0540332968513788	-0.351771771491990	0.890004435516368
4.42774670715795	-1.06369480341194	-2.61395704097817	0.199777395809607	1.87464433805278	0.103161032311804	1.44267030405417
2.41201474975932	1.52970468474089	3.61625000039242	3.88802632423096	1.29776621893943	-1.92432142189547	0.0367047126931784
2.66484594394747	-4.56170854021877	-1.95325867268375	0.442435969153300	-0.157267367418070	2.37702417331848	-1.82469558283030
1.48193877368421	1.45332365707271	0.869544419298930	0.642319694684465	6.37175612612375	3.31431845445224	0.852660868254112
3.90161128967579	-8.59097790139050	0.268354582479352	3.93607253084065	-0.247264937410447	1.02784896428181	1.55939328791722
-3.79394451578947	2.84872302467309	1.57246295728058	2.87088867510406	0.285418042244477	3.63899300073957	-0.415992143467188
8.53689969136331	-1.31762761144160	2.29757252161566	-0.443871023362613	0.773943235859523	2.78937564291269	0.755986407858915
-1.63868040526316	3.09064404156537	-0.674919109925040	0.510918069239640	-2.44668227636787	0.585335106188803	0.235602789784405
2.21275468352042	-1.07886342838399	-1.60997722389126	-0.149405426432303	1.46209927206690	-0.0111571616595825	0.610905533939244
0.801473525580263	-0.930286245962735	-0.511299687847117	-0.967622583108053	1.79509363477643	-0.785990788593085	0.723533457325066
6.40105830639978	-1.80476217206280	0.264507869127712	-1.12140135605682	0.853444197489949	-0.113078365274484	-0.242121049654652
-0.0515395624233168	0.639089881590267	0.643664836365975	0.369592877724032	3.90211017818003	0.677751953200691	-0.0203977811295664
7.25473996683399	-0.294179843654429	0.389480731219518	1.18202030076390	0.552491283453480	0.0390108315430838	-0.243391182601720
8.03381775855262	-1.80160518352121	3.91099466260626	2.16344535929944	1.94935262173968	2.32886076764602	0.347524097082957
8.09450046517952	-0.421960277816163	-0.238749342852144	0.618988212244548	0.624285976540520	0.156108141981683	-0.310792123341140
0.837318248067369	-0.803804002734859	-0.733078259139468	-0.659946981013170	0.959436556537954	-1.14394823704021	-1.11340796058078
7.74751160950967	-0.361607881546440	-0.00368550540539146	0.629552771071660	0.205156849330402	-0.384369837326465	-0.771355894314359
2.39344605263157	2.59679054535145	1.69517164673478	1.17657837264970	-1.74665791817464	-0.830550601531825	-2.02351438419306
5.62189231331605	-0.466497076539643	-2.73470176989674	0.726157934033531	1.21675544339993	-0.397693901792731	1.44399730434765
1.10926769605264	-1.14536082257139	-2.62746276557182	0.389043239277035	1.18377859289453	1.16256092756599	0.454383217249874
7.70643937803646	-0.404302494940806	-0.0703964591747046	0.365461996230302	0.266198489811740	-0.0630841122508350	-0.399000289038100
-0.930899702631577	-0.315631306283299	-2.93052458747579	1.29896016290694	-1.05676171753001	1.21273658735382	0.792437781646939
7.74410898379052	-0.441668912473022	0.0742148657029100	0.589899477190002	-0.00278220391312248	-0.0580887056290151	-0.533037823405109
-0.439978663160099	-1.77979726078225	1.00664668669212	3.45216242140093	1.22520186105619	-1.43274562812636	-1.26914501742852
6.13604289260489	-0.411247720980999	0.136804313639684	0.00540609547588403	0.442493584483116	0.101663681017102	0.274554579965994
1.00168734892679	-1.65444128909107	0.573388269834334	0.285358165207925	-0.0613138245293803	-1.89693401887033	-0.945619316368483
8.01734849778415	-1.20159637214544	-1.47138787186371	-0.529348980195565	0.135986692644453	0.513185430756842	-2.25683151788951
-1.87652910789474	4.04790896955104	0.815844465695313	-0.486665610641731	0.125696783532261	2.14806337033359	-0.374911878587021
4.15683961126510	-0.958416578280125	-0.755385649064156	-0.373911891662750	0.513155365754057	-0.684086951575573	-0.828855925886927
-1.07666174028911	-0.429739978251300	-0.279815549741008	0.418365169966708	0.762148644456751	0.434015210009350	-0.861324949348533
8.31932254346578	-1.65758481377394	-0.539023133140830	0.167341663920772	-0.375147053647433	0.566118997449725	-0.896936848374915
6.47738131578946	0.995340096500001	1.81184533125820	1.01587945479211	2.27491356848185	4.66806029016538	-1.07153592853769
2.67211723733510	-4.63354643395365	-2.11956964708313	0.0529896380064061	-0.227833892060742	2.22291804517508	-1.72145906630728
5.53222634736841	3.47143657236308	0.0450016616146753	-2.64556903198224	-5.19594758902928	0.807820566958534	0.388092340136205
6.13608810080379	-1.99207428828303	0.882048588128885	-1.89033969111446	0.653785549693707	0.268311654978873	-0.237427401326521
1.07007043684210	1.30344772217759	0.672822931401343	-1.22298420983310	1.72825790141439	3.09770423032620	2.40829871578004
5.03705797305852	-3.15651702774917	1.29652248066736	-3.44322599600143	0.903175018426429	0.00568553132201601	-0.00859855441060486
-2.22379789473684	0.922786250560830	-0.293699551447462	1.38316183427478	-1.41712920937433	0.0913783746295841	-1.69787370367219
3.68135443706916	-3.22315661601967	0.602000114388662	-1.90432038847547	0.684947107093159	-0.0591371123649319	0.312087822536026
5.54852517894736	2.66682845096722	2.55043818240984	3.40019058335558	-2.38733192383595	0.0360676078341252	0.341409765703616
6.07380667920473	-2.25044479990706	1.09381490759223	-2.90285560019213	0.720992575439116	0.387567710832039	-0.463796008017124
0.0111765894736836	0.876403465655143	-0.296368192254996	-0.894236049622635	-1.69159678639623	1.40977641443907	0.543484988759467
4.09278597857495	-3.72346975379350	1.03150009011268	-3.09202835427874	0.953907851591556	-0.195530685044723	0.302399205117703
-0.138528594736846	-0.210668690074076	-1.40754937433568	-2.49521344076060	-0.396336233890255	4.24607474644539	0.0459267392991705
3.13995338701026	-6.10651622443642	-0.338109588524490	1.95703195559640	-0.411632042990049	0.917566757710031	-0.491668262744204
7.38480192631578	-0.597038853675811	1.39309285120656	2.90973351761815	0.172069288619314	5.08361619096202	1.08345054717431
5.79338504711083	-0.878233436954269	0.323710081593240	-1.57688224311949	0.996772707249606	1.13035809360872	0.132365435123895
-1.11677786315790	1.71786606545777	1.11633531913034	0.549783021869438	0.0175524648748597	1.73277586585672	0.335791219586285
8.15669408701668	-0.519998107839364	-0.0453821507406698	0.412205861202247	-0.0571323490853475	0.134483607864268	-0.370157184205380
-4.34221312631579	3.24096540198577	-1.30958898062217	-1.81486243252941	-0.657914140903903	-1.02918080352935	-0.0484031314015958
5.54280954418115	-0.608489985039168	-0.185058265750992	-0.0684088414473161	0.225643261980915	-0.114276062262953	-0.431477385423563
6.95814819363689	-1.01272655041427	0.502022948558285	0.333953136431175	1.24982904690353	0.0454221527494190	-1.28908999082524
6.77278663301784	0.373070806898308	-1.17144292385494	0.270158216422683	-0.502771188266195	-0.122194985035214	0.854721402136488
2.64609927873010	-2.18623962641936	0.00746321842695263	-1.30314988636677	0.850711119972576	0.0761433697619708	0.0321469473964187
5.53120292608673	-0.775731012246257	-0.149342342563630	0.416437164550668	0.376247139387193	-0.163584677795496	-0.368787398791961
1.16965310194795	-0.806305679089349	-0.338571858998581	0.128853826484989	0.842632072652757	-0.133356395639118	-0.0150625425605665
6.13928610906836	-0.617072833588931	-0.183210815423992	0.481296176017951	0.514176183593551	-0.306655465973280	-0.705228303545408
0.450348691946526	-0.255005417659876	0.192828993617211	0.697587212893728	1.07222971453177	-1.31472036478074	0.980467800330284
7.45243339368552	-0.499596243565292	-0.502076960025809	0.735160278793092	-0.0307105130767330	-0.187980907969294	-0.159965660498578
2.25495561378679	-1.50891342854384	-0.888654514703234	0.657515551842821	0.829252880960187	-1.60379182393156	-0.241276418987869
7.50404279204046	-0.544524337001852	-0.498511525717564	0.584881706664403	0.0976758049190211	-0.0267181359177388	-0.128459908226359
5.39197885608736	0.142331417461513	-0.586772522928839	0.770424631974082	-0.286005583477323	-0.546560532280601	-0.390136445763891
7.01240815359305	-0.566247843565488	-0.465401965545916	0.510168986655436	0.227283183378979	0.0221364901152122	-0.246685804159877
1.42630332849684	-1.01908775722152	1.03636060882513	0.671058249278342	1.53620167438310	0.442521333494528	-0.258717944073549
4.64917401347531	-0.574442748110904	-0.281108000535404	0.380729630052714	0.470277616920715	-0.241892975130895	-0.350539718999462
-1.27910044210527	1.54551995304011	0.469884058641291	0.748400793243364	-1.67886621876172	0.101005604590932	0.229378496542130
3.62748719092436	-5.77696807879272	-0.484161824267300	-0.450903887668712	0.00867331436683520	0.526021047034064	-0.0838047479099761
2.34095815637315	-0.295698356796793	1.71414256633089	2.12416032730372	0.118661237359900	1.18438305674694	0.788876639626602
3.26100433477284	-6.05249737027504	-0.406052449942281	2.20334587761339	-0.528353756270144	1.01554687458071	-0.603412089774556
1.03433303552342	-0.990673423832546	-0.160895468831652	1.35453221470443	1.43683248659211	2.56032534783354	1.30130030669537
3.14253928665479	-5.39436452939594	-1.18442499684153	1.69754416241557	-0.422567830697859	2.03995128012414	-1.42393861304192
1.60481509615363	-3.52924657105749	-1.33777186151689	0.309145010848548	-0.158397029736179	0.544002242809181	-0.915746822579419
2.79811081852405	-4.45112529823828	-1.86510893075268	0.487028958684881	-0.114685325816272	2.44440027743727	-1.88686005480148
5.42615186191831	-0.467861196004452	-0.158997756491968	0.113917211213536	0.182591475103539	-0.310011982788270	-0.195629863231662
6.15132536093441	-1.03022843086723	0.291160760164242	0.577149440841792	0.896462866442115	0.0658133786389393	-0.473061205153589
5.92433134190284	-0.755405569104248	-0.167583673823471	-0.152132006522446	0.630736359665116	0.0823194178508615	-0.394403210668813
6.61166476442715	-0.641920570392886	-0.331417337929138	0.142316075324136	0.408789661591030	0.0128206621167098	-0.402032910765874
4.22162139748379	-0.914356844577483	-0.0622890929830167	0.0919642514685369	0.330706899173944	-0.0593956319720691	-0.155870833533398
4.57610666146810	-2.70369511742414	1.09952451741008	-2.54948481793081	0.978351666633015	0.0243888008975791	0.0782380222757296
5.17217996730663	-3.43109202397538	1.19669948563733	-3.24668227110622	0.906332222250047	0.148058944011632	0.400668373917203
4.01722175472284	-4.27273302864842	0.975997991350573	-2.65737294677149	0.819953183929580	-0.378069893634380	0.658023267638664
4.02674972597447	-4.28726176323029	1.15892869708746	-3.80594377570783	1.02351199787462	-0.359762701276747	0.511229896889323
3.58797645605563	-4.62923906907700	1.04032395283073	-2.87212182324299	0.945404659214281	-0.425397452005208	0.829222110384372
2.72196243720616	-4.49798663321879	0.0206576270434095	-0.763849151010859	0.315208262080842	-0.468463232763101	0.639839119474556
5.70952356490473	-1.23194254944239	0.346394363003994	-0.492081604751885	0.0437728592419247	0.401819647340521	-0.234516282261921
5.74268932861383	-1.13356379005471	-0.220691174737270	-0.750552645517063	0.469643834827946	-0.0121547234715530	-0.0905294127549786
5.69316620188479	-1.14577833772322	-0.636933002766085	0.0931611140348259	0.637494474945363	0.225910131685487	0.460469294631505
8.04598581382283	-0.543737094260871	-0.345244571195873	0.449475541336759	0.0234323579259654	0.162166182553734	-0.257393681458533
4.37524469328936	-0.361783634585931	-0.510276669417425	0.0619406197418568	-0.0257439745741361	-0.700697661708307	0.0965869240032873
6.13002787714478	-0.985610954833028	-0.227442126959090	-0.311145974196352	0.472712674083551	0.445717540061744	-0.619311761753649
5.22216071501857	-0.481199235767846	-0.0702965773547111	0.324413560319691	0.626701177089265	0.0888352298446208	-0.0278138906597707
5.30254463954557	-1.01077890899153	-0.200292999735520	0.0400040674094877	0.768852262490684	-0.248517137565783	-0.00886811999760184
5.92965625664394	-0.889228930845184	-0.310507650092837	0.391492613008429	0.693438405612847	0.000426396608897887	-0.494401338785435
5.30499726196336	-0.696558294857088	-0.321738504945348	0.161224620160270	0.496261877313873	0.201818955819567	-0.0797781759908087
3.87648614313147	-0.747185245214460	-0.115143728693209	0.0784413038014066	0.916935117579292	-0.387040080046431	-0.404099053137107
4.99006992781979	-3.20088895712637	0.969906793882772	-2.87611320504080	0.895933088103449	0.144877182603083	0.274228528788610
3.99423953636494	-4.57300490057834	1.01602928846355	-3.10870638011042	0.900422299130097	-0.451428403298590	0.788998350101834
3.48186850991400	-5.90219499813405	0.663687169677448	-1.79150662163712	0.617990623196788	-0.606931881050096	1.16803371542985
3.35551036764447	-5.68845047724770	0.697423693523985	-2.54089754613960	0.729723507989819	-0.676346344112957	1.36839536703646
2.92756562164479	-6.79193463866576	0.477486380946618	0.0108642180915742	0.0517665407356925	-0.953759752988400	1.32910612472733
3.16981375483489	-5.80176786366980	0.444801538384778	1.91907313698726	-0.0239501858050071	0.512466915471469	0.0878942239909247
1.84814124301784	-2.22438301342073	-0.370097947138891	-0.217614132513121	0.687592974313798	-0.235148800977675	-0.271436511424998
5.80285559157594	-0.700425150483538	-0.471360157406556	0.304049289702495	0.619031203714181	0.0774212904769703	-0.0831117325469167
4.61453137900263	-1.79784407290911	-0.119082769895551	-0.615195120724969	0.930741311141500	0.434812469798566	0.264049476165173
7.17081270101125	-0.830958099815064	-0.0943046899482452	0.260174922212324	0.299680742135602	0.281017876549844	-0.295817424420979
7.49568983152752	-0.825790426274759	-0.586452093632865	0.339319825744725	0.130831436850693	0.289950330146958	-0.513068655895778
7.28468693686178	-0.649586192436869	-0.390552105994514	0.0322553645525639	0.0976946330120621	0.0915813617517351	-0.526888214957256
4.37123491567931	-0.544884249764543	-0.0638509019985939	0.0526405600636518	0.390701674246712	-0.565618445179470	-0.347559160567361
5.68566033481510	-0.645619204735752	-0.273929577142889	0.902748295929193	0.909073153773548	-0.110246860034754	0.338643001118442
6.58707268161573	-0.644221884212113	-1.08886165627580	0.364041110626724	0.0630138874419449	-0.276532508985748	-0.122291605709688
7.01906621387483	-0.546179327974351	-0.448411293214489	0.753625140916071	0.260271483656541	0.108694712871373	-0.484674022363065
5.78586004156316	-0.529709161667554	-0.707843618998355	0.350527319527010	0.434729795439945	0.194291254314768	0.152830699067108
4.94402794524626	-0.707758905297681	-0.517816131849472	0.559554250688718	0.659561207025388	-0.0799723213140502	-0.233935309197104
2.67792564837911	-6.70550081016143	0.524174693880462	-0.0443086512381507	0.110371127575807	-1.09170056143536	1.31662706362398
2.87615014155484	-7.34685659001990	0.528650932346383	0.871460685436392	-0.192574121404754	-1.09385133821629	1.63395909057137
2.46562959481684	-6.99463448501067	-0.457502497526578	1.38421848456328	-0.698239401896538	-0.786508987677281	0.917056815299603
3.18243454727131	-6.34271596336338	0.517332407774049	1.76522902122557	-0.189759116563857	-0.223458605002498	0.597538443768517
3.30790074101821	-7.36374551688643	0.514794452242713	2.45246767363395	-0.567679559161282	-0.462730420169325	0.842580650522401
3.19005999904079	-6.20083704898002	0.387425281576468	2.40950769541632	-0.332211448997809	-0.0460053171959354	0.367367884404285
8.08522872518878	-0.405491149612757	-0.450575482567058	0.744119312116076	0.0424338493469968	-0.0179860671898903	-0.162179145195822
7.87075896676983	-0.440518376160029	-0.301543177785479	0.562285302969652	0.0638828538372315	-0.00321137115109095	-0.280518442154945
7.79226093089983	-0.363811834515392	-0.201383173225821	0.852183467819796	0.224822514496648	0.219093607197172	0.0651440937050795
5.67399053313589	-0.490316331342683	-0.0616080416062020	0.360751496002920	-0.122830014793891	-0.0144114697982791	0.0705847042725034
4.06547750935142	-0.937571647930140	-1.03973854526582	-0.541941887013787	0.144660087647773	-0.579942937594752	-0.155337457982479
2.53376880849537	-6.35438063553785	0.472355760778784	-3.18111542904923	0.597175333990748	-1.29755460517386	1.42257204543319
2.72835827192253	-6.60540311962421	0.597856446184378	-0.673376299715921	0.229982962023955	-1.00080444499660	1.19268644679625
3.30814509974584	-6.59121557781016	0.306732537832097	1.83293990633053	-0.422088154655136	0.0316088283457826	0.306676149728876
3.46206070599816	-7.39602316752226	0.485471087497520	3.02391809018551	-0.719943950774487	-0.164915425597276	0.521781013699172
3.33308617380231	-7.06211053494458	0.225837779683694	3.10656633401171	-0.971839927403092	0.178206100164932	-0.169840116482716
8.33064343248673	-0.484678458487233	-0.417246152581973	0.551732240830052	-0.00332678420095395	-0.0148871907572941	-0.427551354486516
7.47392524935610	-0.200705064844231	-0.254749192435556	0.172182635389428	0.0640345170449757	-0.646570337690630	-0.860359020560703
3.03011869182616	-5.91941528960052	0.284467955295001	1.63858671811835	-0.145740970384174	0.281070852499610	0.165616153509458
3.27600359767631	-6.57755482135227	0.106569837777018	2.67064160636826	-0.570581740287809	0.401488409190504	-0.0119610585906846
3.52518098579500	-6.42060746272647	-0.135048252618914	3.25024792799288	-0.705246946631461	1.19119918668914	-0.767554374880737
7.31383450730531	-0.483887138161656	0.0375811646887520	0.969687550915428	1.21968253285279	0.748496979722032	0.183270433810486
6.45208223250652	-0.859741489128270	-0.115969005722957	-0.0988369678381142	0.353011564551928	0.0852756187163487	-0.126591015062134
7.59461506033294	-0.597810481330227	0.0439315315933806	0.304353145177129	0.252607853647159	0.206858265586278	-0.441525988590013
8.29236621697999	-0.436390972100655	-0.304864212520837	0.605329004658398	-0.0336210830258373	0.0629803858320137	-0.323281459188148
7.60283241245252	-0.456678395899032	-0.135555842206551	0.421935283562826	0.108538686415520	0.0330551522788044	-0.442362158178687
7.91271127895236	-0.459163272326065	-0.0900755258721204	0.426717826668265	0.102509451721125	0.154205694863637	-0.471073640313725
4.44873197210731	-0.616638692403059	0.0903074121835368	0.333164085630411	0.534903255171102	-0.0933496530876154	-0.153833127069737
3.39413078222021	-6.28681775184290	0.0491183224018768	1.89347387970225	-0.415787469593400	0.517204539245698	-0.173155073462067
3.38159128302600	-6.42961248585712	-0.154489514235315	2.57972390650171	-0.588815933262884	0.876477371703816	-0.383806284047426
3.61576350203826	-6.28863945781672	-0.301919894600733	3.24877224143236	-0.727929812285096	1.59692558859981	-1.04395916248132
3.03950342855315	-4.68629830408854	-1.93136306283329	0.0913783890694357	-0.215583043188206	2.03731134210438	-1.44502061901178
3.30632084229794	-3.34336200584064	-1.88515789799226	0.318013116448463	0.322773837737130	2.41390012611850	-0.897650883572629
7.87907036796962	-0.440932006769734	-0.140156173879735	0.412241183868598	-0.0948859102863077	-0.0297402931594668	-0.513569143439905
7.46629336999226	-0.376411963069917	-0.0290362249252973	0.190960903287856	-0.0785529527302800	-0.0831353948230601	-0.483046989329061
7.24105837591378	-0.508376393138026	-0.0386517624340447	0.260934668276452	0.131627066081172	-0.0922059429067870	-0.552954013521686
7.32237344323273	-0.634447984336182	-0.152355806853021	0.362894641564037	0.356702952840862	0.166620262491060	-0.330285482241663
8.22518114046473	-0.511312283451853	0.0173409076723460	0.424202979397219	-0.00168747746990883	0.135259219769639	-0.499051647306998
8.28576921893789	-0.522606634164289	-0.141247559286482	0.461957198078770	-0.0214775288232152	0.125741804889599	-0.416441045418816
8.31948177201088	-0.492698966299892	0.0796867258455851	0.406329177433582	-0.00136127166781162	0.212547102833292	-0.494268604780062
3.37514657402126	-6.37225660082274	-0.0835463659953252	2.42373647314690	-0.423155209634330	0.805680279818482	-0.195469842876567
3.58706626763305	-6.11175853486072	-0.465382431954366	3.08750384782346	-0.695458184332219	1.84168563892618	-1.15694499670702
1.65274602305847	-3.69946589617741	-1.34033519883072	0.437902421021141	-0.0780915166292593	0.806480066181047	-1.08440532853640
2.25919902626242	-3.79860500803707	-2.04965952918378	-0.152821596484462	0.244499691278613	2.33984121418588	-2.00453550347705
0.939219647034052	-1.50412318275341	-1.77965849971567	-1.37766375944766	0.356355312743510	-0.313842577327047	-1.12144751217172
8.18876421728204	-0.523230217351738	-0.0389673072239756	0.303316459006296	-0.0346242306268975	0.224251930203378	-0.408651328752491
6.85532036903857	-0.548618033458923	-0.237755557595262	0.367697686718605	0.0918140380598255	-0.0572853303084316	-0.105592786883734
4.58252184099616	-0.571649703419021	-0.607085798819344	0.0679798725593121	0.849034960622542	-0.160210946651870	0.0429286354568287
6.73866752252373	-0.689792032655149	-0.220854516024906	0.197832041534262	0.415805278057298	-0.00984901747999440	-0.349893550694109
5.97060798496779	-1.30201688594148	-1.28760760150338	-1.22814026530253	0.272818512277066	0.561454560052388	-1.10554709254634
7.30230934885510	-0.330899053031322	-0.0330758095566187	0.605818709487486	0.150599486557846	-0.325260833900956	-0.652596075976728
7.92141477193978	-0.456654706171384	-0.00950831624907621	0.389895264085241	0.0736926886648644	0.0344415937948554	-0.471160663388284
7.84995898034347	-0.471107178874361	-0.0549660807092189	0.436564363408635	0.0417818481957347	0.0224740906192671	-0.382588899595678
7.63576887111962	-0.583766151685658	-0.438975826631245	0.476635606453538	-0.0759858732598979	0.0153454930948431	-0.211394337177231
7.02198892234236	-0.660976676529771	-0.284658253205473	0.550565714094799	0.268103220716541	-0.137235075306100	-0.421894716861765